id,name,count,url,related
71cd6064-0c37-4d6e-8e98-003d676915c3,Homeless,2,https://musicbrainz.org/recording/71cd6064-0c37-4d6e-8e98-003d676915c3,/artist/05517043-ff78-4988-9c22-88c68588ebb9
